time,electrical_field_cw,quantum_excited_cw,coherence_cw,electrical_field_pulse,quantum_excited_pulse,coherence_pulse
0.000000,0.100000,0.000000,0.000000,0.100000,0.000000,0.000000
0.050050,0.099876,0.000000,0.001000,0.100125,0.000000,0.001001
0.100100,0.099508,0.000001,0.001998,0.100501,0.000001,0.002004
0.150150,0.098903,0.000002,0.002989,0.101125,0.000002,0.003011
0.200200,0.098069,0.000004,0.003972,0.101997,0.000004,0.004024
0.250250,0.097015,0.000006,0.004942,0.103115,0.000006,0.005044
0.300300,0.095749,0.000009,0.005898,0.104475,0.000009,0.006073
0.350350,0.094279,0.000012,0.006836,0.106075,0.000013,0.007113
0.400400,0.092617,0.000015,0.007755,0.107910,0.000017,0.008165
0.450450,0.090771,0.000019,0.008651,0.109975,0.000021,0.009231
0.500501,0.088753,0.000023,0.009524,0.112266,0.000027,0.010313
0.550551,0.086572,0.000027,0.010370,0.114777,0.000033,0.011412
0.600601,0.084240,0.000031,0.011188,0.117501,0.000039,0.012529
0.650651,0.081768,0.000036,0.011976,0.120431,0.000047,0.013665
0.700701,0.079167,0.000041,0.012733,0.123561,0.000055,0.014821
0.750751,0.076449,0.000045,0.013457,0.126883,0.000064,0.015999
0.800801,0.073625,0.000050,0.014147,0.130387,0.000074,0.017199
0.850851,0.070705,0.000055,0.014802,0.134066,0.000085,0.018422
0.900901,0.067703,0.000059,0.015421,0.137911,0.000097,0.019668
0.950951,0.064630,0.000064,0.016004,0.141910,0.000110,0.020937
1.001001,0.061496,0.000068,0.016551,0.146055,0.000124,0.022231
1.051051,0.058314,0.000073,0.017060,0.150336,0.000139,0.023549
1.101101,0.055095,0.000077,0.017533,0.154741,0.000155,0.024890
1.151151,0.051849,0.000081,0.017969,0.159259,0.000172,0.026257
1.201201,0.048588,0.000084,0.018368,0.163879,0.000191,0.027646
1.251251,0.045323,0.000088,0.018732,0.168589,0.000211,0.029060
1.301301,0.042062,0.000091,0.019061,0.173379,0.000233,0.030496
1.351351,0.038817,0.000094,0.019355,0.178235,0.000255,0.031955
1.401401,0.035596,0.000096,0.019617,0.183146,0.000280,0.033435
1.451451,0.032410,0.000098,0.019847,0.188099,0.000305,0.034936
1.501502,0.029267,0.000100,0.020047,0.193082,0.000332,0.036456
1.551552,0.026176,0.000102,0.020219,0.198082,0.000361,0.037995
1.601602,0.023144,0.000104,0.020364,0.203087,0.000391,0.039552
1.651652,0.020180,0.000105,0.020483,0.208085,0.000423,0.041125
1.701702,0.017290,0.000106,0.020580,0.213062,0.000456,0.042712
1.751752,0.014481,0.000107,0.020657,0.218007,0.000491,0.044312
1.801802,0.011758,0.000107,0.020715,0.222906,0.000528,0.045924
1.851852,0.009129,0.000108,0.020757,0.227749,0.000565,0.047545
1.901902,0.006596,0.000108,0.020785,0.232522,0.000605,0.049174
1.951952,0.004165,0.000108,0.020802,0.237214,0.000646,0.050809
2.002002,0.001840,0.000108,0.020810,0.241813,0.000688,0.052449
2.052052,-0.000375,0.000108,0.020812,0.246038,0.000732,0.054089
2.102102,-0.002479,0.000108,0.020809,0.249648,0.000777,0.055726
2.152152,-0.004468,0.000108,0.020805,0.252633,0.000823,0.057354
2.202202,-0.006341,0.000108,0.020801,0.254985,0.000870,0.058967
2.252252,-0.008098,0.000108,0.020800,0.256699,0.000918,0.060560
2.302302,-0.009737,0.000108,0.020804,0.257770,0.000966,0.062128
2.352352,-0.011259,0.000108,0.020814,0.258196,0.001014,0.063665
2.402402,-0.012663,0.000109,0.020832,0.257976,0.001063,0.065167
2.452452,-0.013951,0.000109,0.020859,0.257109,0.001111,0.066628
2.502503,-0.015125,0.000109,0.020897,0.255599,0.001159,0.068044
2.552553,-0.016187,0.000110,0.020946,0.253449,0.001206,0.069410
2.602603,-0.017138,0.000110,0.021007,0.250665,0.001252,0.070722
2.652653,-0.017981,0.000111,0.021081,0.247253,0.001297,0.071975
2.702703,-0.018721,0.000112,0.021167,0.243222,0.001340,0.073167
2.752753,-0.019361,0.000113,0.021267,0.238582,0.001382,0.074293
2.802803,-0.019904,0.000114,0.021379,0.233346,0.001421,0.075351
2.852853,-0.020357,0.000116,0.021503,0.227525,0.001459,0.076338
2.902903,-0.020722,0.000117,0.021639,0.221135,0.001494,0.077252
2.952953,-0.021007,0.000119,0.021786,0.214191,0.001527,0.078092
3.003003,-0.021215,0.000120,0.021942,0.206711,0.001557,0.078855
3.053053,-0.021353,0.000122,0.022108,0.198714,0.001584,0.079542
3.103103,-0.021426,0.000124,0.022282,0.190219,0.001609,0.080152
3.153153,-0.021440,0.000126,0.022462,0.181249,0.001630,0.080687
3.203203,-0.021402,0.000128,0.022649,0.171825,0.001649,0.081146
3.253253,-0.021318,0.000130,0.022840,0.161971,0.001665,0.081533
3.303303,-0.021195,0.000133,0.023036,0.151712,0.001678,0.081849
3.353353,-0.021039,0.000135,0.023235,0.141074,0.001688,0.082099
3.403403,-0.020856,0.000137,0.023435,0.130082,0.001696,0.082286
3.453453,-0.020654,0.000140,0.023637,0.118765,0.001701,0.082416
3.503504,-0.020438,0.000142,0.023838,0.107151,0.001704,0.082493
3.553554,-0.020216,0.000144,0.024040,0.095269,0.001706,0.082525
3.603604,-0.019993,0.000147,0.024240,0.083149,0.001705,0.082519
3.653654,-0.019775,0.000149,0.024439,0.070821,0.001704,0.082483
3.703704,-0.019569,0.000152,0.024635,0.058317,0.001701,0.082426
3.753754,-0.019381,0.000154,0.024830,0.045667,0.001699,0.082359
3.803804,-0.019217,0.000157,0.025022,0.032902,0.001696,0.082290
3.853854,-0.019081,0.000159,0.025211,0.020056,0.001693,0.082233
3.903904,-0.018979,0.000161,0.025397,0.007159,0.001692,0.082197
3.953954,-0.018916,0.000164,0.025581,-0.005754,0.001692,0.082195
4.004004,-0.018896,0.000166,0.025761,-0.018653,0.001694,0.082240
4.054054,-0.018925,0.000168,0.025939,-0.031504,0.001698,0.082343
4.104104,-0.019005,0.000171,0.026114,-0.044277,0.001705,0.082516
4.154154,-0.019140,0.000173,0.026286,-0.056937,0.001716,0.082772
4.204204,-0.019333,0.000175,0.026456,-0.069455,0.001730,0.083122
4.254254,-0.019587,0.000177,0.026623,-0.081799,0.001749,0.083575
4.304304,-0.019904,0.000179,0.026787,-0.093938,0.001773,0.084141
4.354354,-0.020286,0.000182,0.026950,-0.105840,0.001802,0.084827
4.404404,-0.020735,0.000184,0.027110,-0.117477,0.001837,0.085640
4.454454,-0.021251,0.000186,0.027268,-0.128819,0.001878,0.086585
4.504505,-0.021835,0.000188,0.027423,-0.139838,0.001925,0.087664
4.554555,-0.022486,0.000190,0.027576,-0.150507,0.001979,0.088878
4.604605,-0.023205,0.000192,0.027726,-0.160798,0.002039,0.090228
4.654655,-0.023990,0.000194,0.027873,-0.170686,0.002107,0.091710
4.704705,-0.024841,0.000196,0.028017,-0.180146,0.002182,0.093321
4.754755,-0.025754,0.000198,0.028157,-0.189154,0.002264,0.095054
4.804805,-0.026727,0.000200,0.028293,-0.197688,0.002353,0.096902
4.854855,-0.027758,0.000202,0.028425,-0.205726,0.002449,0.098858
4.904905,-0.028844,0.000204,0.028551,-0.213248,0.002552,0.100911
4.954955,-0.029980,0.000206,0.028671,-0.220236,0.002662,0.103053
5.005005,-0.031162,0.000207,0.028785,-0.226671,0.002778,0.105272
5.055055,-0.032387,0.000209,0.028891,-0.232538,0.002901,0.107558
5.105105,-0.033648,0.000210,0.028989,-0.237822,0.003029,0.109897
5.155155,-0.034940,0.000211,0.029078,-0.242510,0.003162,0.112279
5.205205,-0.036258,0.000213,0.029157,-0.246589,0.003299,0.114692
5.255255,-0.037596,0.000214,0.029225,-0.250049,0.003441,0.117125
5.305305,-0.038946,0.000214,0.029282,-0.252883,0.003587,0.119566
5.355355,-0.040303,0.000215,0.029326,-0.255082,0.003735,0.122003
5.405405,-0.041659,0.000216,0.029357,-0.256642,0.003886,0.124426
5.455455,-0.043007,0.000216,0.029373,-0.257558,0.004037,0.126824
5.505506,-0.044339,0.000216,0.029375,-0.257828,0.004190,0.129187
5.555556,-0.045648,0.000216,0.029361,-0.257451,0.004342,0.131505
5.605606,-0.046926,0.000215,0.029331,-0.256429,0.004494,0.133770
5.655656,-0.048164,0.000214,0.029284,-0.254762,0.004644,0.135972
5.705706,-0.049356,0.000213,0.029219,-0.252457,0.004791,0.138105
5.755756,-0.050492,0.000212,0.029136,-0.249518,0.004936,0.140161
5.805806,-0.051565,0.000211,0.029035,-0.245953,0.005076,0.142132
5.855856,-0.052566,0.000209,0.028915,-0.241771,0.005212,0.144014
5.905906,-0.053487,0.000207,0.028777,-0.236982,0.005343,0.145801
5.955956,-0.054321,0.000205,0.028619,-0.231599,0.005468,0.147488
6.006006,-0.055059,0.000202,0.028442,-0.225633,0.005587,0.149071
6.056056,-0.055693,0.000200,0.028247,-0.219101,0.005699,0.150548
6.106106,-0.056215,0.000196,0.028033,-0.212019,0.005803,0.151917
6.156156,-0.056618,0.000193,0.027800,-0.204405,0.005901,0.153176
6.206206,-0.056896,0.000190,0.027551,-0.196277,0.005990,0.154324
6.256256,-0.057041,0.000186,0.027284,-0.187657,0.006071,0.155362
6.306306,-0.057046,0.000182,0.027001,-0.178564,0.006144,0.156291
6.356356,-0.056905,0.000178,0.026702,-0.169023,0.006210,0.157111
6.406406,-0.056613,0.000174,0.026390,-0.159057,0.006267,0.157828
6.456456,-0.056164,0.000170,0.026064,-0.148691,0.006316,0.158443
6.506507,-0.055552,0.000165,0.025727,-0.137951,0.006358,0.158962
6.556557,-0.054774,0.000161,0.025379,-0.126864,0.006392,0.159390
6.606607,-0.053824,0.000157,0.025023,-0.115458,0.006420,0.159734
6.656657,-0.052699,0.000152,0.024661,-0.103761,0.006441,0.159999
6.706707,-0.051397,0.000148,0.024293,-0.091802,0.006457,0.160194
6.756757,-0.049915,0.000143,0.023923,-0.079612,0.006468,0.160328
6.806807,-0.048250,0.000139,0.023553,-0.067221,0.006475,0.160411
6.856857,-0.046402,0.000134,0.023184,-0.054660,0.006478,0.160452
6.906907,-0.044370,0.000130,0.022820,-0.041960,0.006479,0.160463
6.956957,-0.042154,0.000126,0.022463,-0.029154,0.006478,0.160454
7.007007,-0.039754,0.000122,0.022117,-0.016273,0.006477,0.160438
7.057057,-0.037172,0.000119,0.021783,-0.003350,0.006476,0.160426
7.107107,-0.034408,0.000115,0.021466,0.009583,0.006477,0.160432
7.157157,-0.031467,0.000112,0.021167,0.022494,0.006479,0.160468
7.207207,-0.028351,0.000109,0.020891,0.035350,0.006486,0.160546
7.257257,-0.025063,0.000107,0.020640,0.048120,0.006497,0.160680
7.307307,-0.021610,0.000104,0.020416,0.060770,0.006513,0.160880
7.357357,-0.017995,0.000102,0.020225,0.073270,0.006536,0.161159
7.407407,-0.014226,0.000101,0.020067,0.085588,0.006566,0.161528
7.457457,-0.010307,0.000099,0.019945,0.097693,0.006604,0.161995
7.507508,-0.006248,0.000099,0.019863,0.109555,0.006652,0.162572
7.557558,-0.002055,0.000098,0.019821,0.121145,0.006709,0.163265
7.607608,0.002263,0.000098,0.019822,0.132433,0.006777,0.164080
7.657658,0.006697,0.000099,0.019867,0.143391,0.006855,0.165024
7.707708,0.011237,0.000100,0.019956,0.153991,0.006945,0.166099
7.757758,0.015872,0.000101,0.020091,0.164208,0.007048,0.167307
7.807808,0.020593,0.000103,0.020270,0.174014,0.007162,0.168648
7.857858,0.025387,0.000105,0.020493,0.183387,0.007288,0.170121
7.907908,0.030243,0.000108,0.020760,0.192303,0.007427,0.171723
7.957958,0.035147,0.000111,0.021070,0.200738,0.007579,0.173450
8.008008,0.040089,0.000115,0.021420,0.208673,0.007742,0.175296
8.058058,0.045053,0.000119,0.021810,0.216088,0.007917,0.177254
8.108108,0.050028,0.000124,0.022237,0.222963,0.008104,0.179315
8.158158,0.054998,0.000129,0.022699,0.229281,0.008302,0.181470
8.208208,0.059950,0.000135,0.023194,0.235028,0.008510,0.183709
8.258258,0.064870,0.000141,0.023719,0.240187,0.008727,0.186021
8.308308,0.069742,0.000147,0.024272,0.244748,0.008953,0.188394
8.358358,0.074553,0.000154,0.024852,0.248698,0.009187,0.190817
8.408408,0.079286,0.000162,0.025454,0.252027,0.009428,0.193277
8.458458,0.083927,0.000170,0.026078,0.254728,0.009674,0.195761
8.508509,0.088460,0.000179,0.026720,0.256793,0.009925,0.198258
8.558559,0.092871,0.000187,0.027379,0.258217,0.010179,0.200756
8.608609,0.097146,0.000197,0.028052,0.258997,0.010436,0.203241
8.658659,0.101268,0.000206,0.028737,0.259131,0.010693,0.205703
8.708709,0.105224,0.000217,0.029431,0.258619,0.010949,0.208130
8.758759,0.108998,0.000227,0.030133,0.257462,0.011204,0.210512
8.808809,0.112577,0.000238,0.030839,0.255663,0.011456,0.212839
8.858859,0.115946,0.000249,0.031549,0.253226,0.011704,0.215100
8.908909,0.119092,0.000260,0.032259,0.250158,0.011946,0.217288
8.958959,0.122002,0.000272,0.032968,0.246467,0.012182,0.219392
9.009009,0.124662,0.000284,0.033673,0.242161,0.012409,0.221408
9.059059,0.127060,0.000295,0.034372,0.237252,0.012628,0.223327
9.109109,0.129185,0.000307,0.035064,0.231752,0.012837,0.225145
9.159159,0.131026,0.000320,0.035745,0.225675,0.013036,0.226856
9.209209,0.132572,0.000332,0.036414,0.219035,0.013223,0.228457
9.259259,0.133813,0.000344,0.037069,0.211851,0.013398,0.229944
9.309309,0.134739,0.000356,0.037707,0.204139,0.013561,0.231316
9.359359,0.135341,0.000367,0.038327,0.195920,0.013710,0.232570
9.409409,0.135614,0.000379,0.038927,0.187213,0.013847,0.233708
9.459459,0.135548,0.000390,0.039504,0.178041,0.013970,0.234730
9.509510,0.135139,0.000401,0.040057,0.168426,0.014080,0.235638
9.559560,0.134381,0.000412,0.040584,0.158393,0.014176,0.236435
9.609610,0.133270,0.000422,0.041084,0.147967,0.014260,0.237123
9.659660,0.131802,0.000432,0.041554,0.137174,0.014332,0.237708
9.709710,0.129975,0.000441,0.041993,0.126041,0.014391,0.238195
9.759760,0.127787,0.000450,0.042400,0.114596,0.014440,0.238592
9.809810,0.125238,0.000458,0.042774,0.102868,0.014478,0.238904
9.859860,0.122329,0.000465,0.043114,0.090885,0.014508,0.239141
9.909910,0.119060,0.000472,0.043419,0.078679,0.014528,0.239310
9.959960,0.115435,0.000477,0.043688,0.066279,0.014542,0.239423
10.010010,0.111458,0.000483,0.043922,0.053727,0.014551,0.239489
10.060060,0.107132,0.000487,0.044121,0.041384,0.014554,0.239520
10.110110,0.102464,0.000491,0.044284,0.029443,0.014555,0.239526
10.160160,0.097460,0.000493,0.044413,0.017932,0.014554,0.239519
10.210210,0.092128,0.000495,0.044508,0.006881,0.014553,0.239510
10.260260,0.086477,0.000497,0.044572,-0.003682,0.014553,0.239508
10.310310,0.080516,0.000498,0.044606,-0.013732,0.014555,0.239524
10.360360,0.074257,0.000498,0.044613,-0.023243,0.014560,0.239566
10.410410,0.067711,0.000497,0.044596,-0.032192,0.014569,0.239642
10.460460,0.060892,0.000497,0.044558,-0.040555,0.014584,0.239758
10.510511,0.053812,0.000495,0.044503,-0.048312,0.014604,0.239921
10.560561,0.046488,0.000494,0.044436,-0.055443,0.014630,0.240135
10.610611,0.038933,0.000492,0.044363,-0.061931,0.014664,0.240404
10.660661,0.031165,0.000491,0.044288,-0.067759,0.014704,0.240729
10.710711,0.023201,0.000489,0.044219,-0.072913,0.014751,0.241113
10.760761,0.015058,0.000488,0.044162,-0.077380,0.014806,0.241553
10.810811,0.006756,0.000487,0.044125,-0.081149,0.014868,0.242049
10.860861,-0.001685,0.000487,0.044115,-0.084209,0.014937,0.242598
10.910911,-0.010247,0.000487,0.044141,-0.086554,0.015011,0.243196
10.960961,-0.018907,0.000489,0.044212,-0.088177,0.015092,0.243837
11.011011,-0.027645,0.000492,0.044335,-0.089075,0.015177,0.244516
11.061061,-0.036439,0.000496,0.044519,-0.089246,0.015267,0.245226
11.111111,-0.045266,0.000501,0.044772,-0.088688,0.015360,0.245959
11.161161,-0.054104,0.000509,0.045101,-0.087403,0.015455,0.246707
11.211211,-0.062930,0.000518,0.045515,-0.085395,0.015551,0.247460
11.261261,-0.071721,0.000530,0.046018,-0.082667,0.015647,0.248210
11.311311,-0.080453,0.000544,0.046615,-0.079228,0.015741,0.248947
11.361361,-0.089102,0.000560,0.047312,-0.075086,0.015833,0.249662
11.411411,-0.097645,0.000579,0.048109,-0.070251,0.015922,0.250345
11.461461,-0.106057,0.000601,0.049009,-0.064735,0.016005,0.250986
11.511512,-0.114316,0.000626,0.050012,-0.058552,0.016081,0.251578
11.561562,-0.122396,0.000654,0.051116,-0.051717,0.016151,0.252110
11.611612,-0.130276,0.000685,0.052318,-0.044248,0.016211,0.252574
11.661662,-0.137932,0.000719,0.053616,-0.036163,0.016262,0.252964
11.711712,-0.145341,0.000757,0.055004,-0.027483,0.016302,0.253272
11.761762,-0.152480,0.000798,0.056478,-0.018228,0.016331,0.253492
11.811812,-0.159327,0.000843,0.058029,-0.008424,0.016348,0.253620
11.861862,-0.165860,0.000890,0.059653,0.001907,0.016352,0.253652
11.911912,-0.172059,0.000942,0.061341,0.012738,0.016343,0.253584
11.961962,-0.177903,0.000996,0.063086,0.024043,0.016321,0.253414
12.012012,-0.183372,0.001053,0.064880,0.035771,0.016286,0.253143
12.062062,-0.188447,0.001114,0.066715,0.047542,0.016237,0.252772
12.112112,-0.193111,0.001177,0.068582,0.059198,0.016176,0.252307
12.162162,-0.197347,0.001243,0.070474,0.070709,0.016105,0.251757
12.212212,-0.201136,0.001312,0.072383,0.082048,0.016023,0.251129
12.262262,-0.204465,0.001382,0.074299,0.093185,0.015933,0.250433
12.312312,-0.207319,0.001454,0.076216,0.104093,0.015836,0.249678
12.362362,-0.209685,0.001528,0.078126,0.114743,0.015732,0.248876
12.412412,-0.211550,0.001603,0.080020,0.125110,0.015625,0.248038
12.462462,-0.212905,0.001679,0.081893,0.135168,0.015515,0.247177
12.512513,-0.213739,0.001756,0.083736,0.144892,0.015404,0.246305
12.562563,-0.214044,0.001833,0.085544,0.154256,0.015294,0.245436
12.612613,-0.213813,0.001909,0.087309,0.163238,0.015186,0.244582
12.662663,-0.213040,0.001985,0.089025,0.171815,0.015082,0.243758
12.712713,-0.211721,0.002060,0.090687,0.179965,0.014984,0.242976
12.762763,-0.209853,0.002134,0.092289,0.187668,0.014893,0.242249
12.812813,-0.207435,0.002206,0.093827,0.194905,0.014811,0.241590
12.862863,-0.204466,0.002275,0.095295,0.201658,0.014739,0.241012
12.912913,-0.200947,0.002343,0.096690,0.207909,0.014679,0.240526
12.962963,-0.196883,0.002407,0.098009,0.213643,0.014631,0.240142
13.013013,-0.192276,0.002469,0.099246,0.218846,0.014597,0.239870
13.063063,-0.187133,0.002526,0.100401,0.223505,0.014579,0.239717
13.113113,-0.181461,0.002581,0.101472,0.227607,0.014575,0.239690
13.163163,-0.175269,0.002631,0.102456,0.231142,0.014588,0.239794
13.213213,-0.168566,0.002678,0.103353,0.234103,0.014618,0.240034
13.263263,-0.161366,0.002720,0.104162,0.236481,0.014665,0.240412
13.313313,-0.153680,0.002758,0.104885,0.238270,0.014728,0.240927
13.363363,-0.145524,0.002792,0.105522,0.239467,0.014809,0.241579
13.413413,-0.136913,0.002821,0.106075,0.240067,0.014907,0.242364
13.463463,-0.127865,0.002846,0.106547,0.240070,0.015022,0.243278
13.513514,-0.118398,0.002867,0.106941,0.239475,0.015152,0.244314
13.563564,-0.108532,0.002885,0.107262,0.238284,0.015297,0.245466
13.613614,-0.098288,0.002898,0.107514,0.236500,0.015457,0.246724
13.663664,-0.087689,0.002908,0.107704,0.234128,0.015630,0.248080
13.713714,-0.076758,0.002916,0.107838,0.231174,0.015815,0.249521
13.763764,-0.065520,0.002920,0.107924,0.227644,0.016011,0.251036
13.813814,-0.054000,0.002923,0.107970,0.223549,0.016216,0.252613
13.863864,-0.042227,0.002924,0.107986,0.218897,0.016429,0.254239
13.913914,-0.030226,0.002924,0.107981,0.213701,0.016648,0.255901
13.963964,-0.018026,0.002923,0.107967,0.207975,0.016872,0.257586
14.014014,-0.005657,0.002922,0.107954,0.201731,0.017099,0.259280
14.064064,0.006851,0.002922,0.107956,0.194987,0.017327,0.260971
14.114114,0.019468,0.002924,0.107984,0.187759,0.017554,0.262646
14.164164,0.032161,0.002927,0.108051,0.180065,0.017779,0.264292
14.214214,0.044900,0.002934,0.108170,0.171924,0.017999,0.265898
14.264264,0.057652,0.002944,0.108354,0.163358,0.018214,0.267452
14.314314,0.070384,0.002958,0.108617,0.154386,0.018422,0.268944
14.364364,0.083064,0.002977,0.108969,0.145033,0.018621,0.270364
14.414414,0.095659,0.003002,0.109424,0.135321,0.018810,0.271704
14.464464,0.108136,0.003034,0.109992,0.125275,0.018987,0.272956
14.514515,0.120461,0.003072,0.110682,0.114920,0.019151,0.274112
14.564565,0.132601,0.003118,0.111503,0.104282,0.019302,0.275167
14.614615,0.144524,0.003172,0.112462,0.093388,0.019438,0.276115
14.664665,0.156197,0.003235,0.113563,0.082264,0.019558,0.276953
14.714715,0.167588,0.003306,0.114812,0.070940,0.019663,0.277679
14.764765,0.178665,0.003388,0.116208,0.059442,0.019752,0.278291
14.814815,0.189396,0.003478,0.117752,0.047801,0.019824,0.278788
14.864865,0.199752,0.003579,0.119442,0.036045,0.019879,0.279170
14.914915,0.209702,0.003690,0.121273,0.024204,0.019918,0.279440
14.964965,0.219217,0.003812,0.123241,0.012307,0.019942,0.279600
15.015015,0.228268,0.003943,0.125339,0.000384,0.019950,0.279655
15.065065,0.236828,0.004084,0.127557,-0.011534,0.019943,0.279608
15.115115,0.244872,0.004236,0.129887,-0.023419,0.019922,0.279467
15.165165,0.252373,0.004396,0.132317,-0.035241,0.019889,0.279239
15.215215,0.259308,0.004566,0.134837,-0.046969,0.019844,0.278930
15.265265,0.265654,0.004745,0.137435,-0.058574,0.019789,0.278550
15.315315,0.271390,0.004931,0.140096,-0.070028,0.019725,0.278109
15.365365,0.276495,0.005125,0.142810,-0.081301,0.019654,0.277616
15.415415,0.280950,0.005325,0.145562,-0.092365,0.019577,0.277084
15.465465,0.284739,0.005532,0.148339,-0.103194,0.019496,0.276523
15.515516,0.287847,0.005743,0.151129,-0.113759,0.019414,0.275947
15.565566,0.290259,0.005958,0.153918,-0.124035,0.019330,0.275366
15.615616,0.291964,0.006176,0.156694,-0.133995,0.019249,0.274795
15.665666,0.292951,0.006397,0.159445,-0.143614,0.019170,0.274245
15.715716,0.293211,0.006618,0.162158,-0.152869,0.019097,0.273729
15.765766,0.292736,0.006838,0.164822,-0.161737,0.019030,0.273261
15.815816,0.291524,0.007058,0.167427,-0.170194,0.018972,0.272852
15.865866,0.289569,0.007275,0.169963,-0.178221,0.018924,0.272513
15.915916,0.286871,0.007488,0.172419,-0.185797,0.018888,0.272257
15.965966,0.283431,0.007697,0.174787,-0.192902,0.018865,0.272093
16.016016,0.279252,0.007900,0.177060,-0.199520,0.018856,0.272030
16.066066,0.274337,0.008096,0.179228,-0.205633,0.018862,0.272076
16.116116,0.268692,0.008285,0.181287,-0.211226,0.018885,0.272239
16.166166,0.262327,0.008465,0.183231,-0.216286,0.018925,0.272523
16.216216,0.255252,0.008636,0.185054,-0.220799,0.018983,0.272933
16.266266,0.247479,0.008797,0.186753,-0.224755,0.019060,0.273472
16.316316,0.239022,0.008947,0.188326,-0.228143,0.019155,0.274140
16.366366,0.229898,0.009086,0.189769,-0.230954,0.019269,0.274936
16.416416,0.220123,0.009213,0.191083,-0.233183,0.019401,0.275860
16.466466,0.209717,0.009329,0.192268,-0.234822,0.019552,0.276907
16.516517,0.198703,0.009432,0.193323,-0.235869,0.019720,0.278072
16.566567,0.187102,0.009524,0.194253,-0.236320,0.019905,0.279350
16.616617,0.174941,0.009604,0.195060,-0.236174,0.020107,0.280732
16.666667,0.162245,0.009673,0.195749,-0.235431,0.020324,0.282210
16.716717,0.149043,0.009731,0.196326,-0.234094,0.020554,0.283774
16.766767,0.135364,0.009778,0.196796,-0.232165,0.020798,0.285413
16.816817,0.121240,0.009815,0.197168,-0.229650,0.021052,0.287116
16.866867,0.106702,0.009844,0.197451,-0.226554,0.021316,0.288872
16.916917,0.091784,0.009864,0.197655,-0.222886,0.021588,0.290668
16.966967,0.076522,0.009878,0.197791,-0.218654,0.021866,0.292491
17.017017,0.060952,0.009886,0.197871,-0.213869,0.022148,0.294331
17.067067,0.045111,0.009890,0.197909,-0.208542,0.022433,0.296172
17.117117,0.029036,0.009891,0.197919,-0.202688,0.022718,0.298004
17.167167,0.012768,0.009890,0.197914,-0.196320,0.023001,0.299813
17.217217,-0.003653,0.009890,0.197912,-0.189455,0.023281,0.301589
17.267267,-0.020189,0.009892,0.197927,-0.182110,0.023556,0.303321
17.317317,-0.036796,0.009897,0.197976,-0.174302,0.023823,0.304998
17.367367,-0.053434,0.009907,0.198076,-0.166053,0.024082,0.306610
17.417417,-0.070060,0.009924,0.198245,-0.157381,0.024331,0.308147
17.467467,-0.086633,0.009949,0.198497,-0.148309,0.024567,0.309602
17.517518,-0.103109,0.009985,0.198849,-0.138859,0.024790,0.310968
17.567568,-0.119445,0.010032,0.199317,-0.129056,0.024998,0.312237
17.617618,-0.135600,0.010093,0.199914,-0.118923,0.025190,0.313405
17.667668,-0.151531,0.010169,0.200655,-0.108485,0.025366,0.314467
17.717718,-0.167196,0.010261,0.201550,-0.097770,0.025524,0.315420
17.767768,-0.182553,0.010370,0.202610,-0.086804,0.025664,0.316262
17.817818,-0.197561,0.010498,0.203843,-0.075613,0.025786,0.316991
17.867868,-0.212179,0.010646,0.205255,-0.064227,0.025889,0.317606
17.917918,-0.226366,0.010814,0.206850,-0.052674,0.025973,0.318110
17.967968,-0.240084,0.011003,0.208631,-0.040982,0.026039,0.318503
18.018018,-0.253295,0.011213,0.210596,-0.029181,0.026087,0.318791
18.068068,-0.265962,0.011446,0.212744,-0.017300,0.026119,0.318976
18.118118,-0.278047,0.011701,0.215069,-0.005369,0.026133,0.319063
18.168168,-0.289518,0.011977,0.217565,0.006581,0.026133,0.319059
18.218218,-0.300338,0.012275,0.220223,0.018522,0.026118,0.318970
18.268268,-0.310478,0.012595,0.223033,0.030422,0.026090,0.318805
18.318318,-0.319905,0.012934,0.225982,0.042253,0.026051,0.318573
18.368368,-0.328591,0.013294,0.229057,0.053985,0.026002,0.318284
18.418418,-0.336509,0.013671,0.232244,0.065589,0.025946,0.317947
18.468468,-0.343633,0.014066,0.235527,0.077034,0.025883,0.317574
18.518519,-0.349940,0.014477,0.238890,0.088293,0.025817,0.317176
18.568569,-0.355407,0.014901,0.242316,0.099337,0.025748,0.316765
18.618619,-0.360015,0.015338,0.245788,0.110139,0.025679,0.316352
18.668669,-0.363746,0.015785,0.249288,0.120671,0.025612,0.315952
18.718719,-0.366584,0.016241,0.252800,0.130908,0.025550,0.315575
18.768769,-0.368517,0.016702,0.256307,0.140823,0.025493,0.315235
18.818819,-0.369533,0.017168,0.259792,0.150392,0.025445,0.314943
18.868869,-0.369623,0.017635,0.263239,0.159591,0.025406,0.314711
18.918919,-0.368781,0.018101,0.266633,0.168396,0.025379,0.314550
18.968969,-0.367001,0.018564,0.269958,0.176786,0.025366,0.314470
19.019019,-0.364283,0.019022,0.273201,0.184739,0.025368,0.314482
19.069069,-0.360627,0.019471,0.276348,0.192236,0.025387,0.314593
19.119119,-0.356035,0.019911,0.279388,0.199258,0.025423,0.314813
19.169169,-0.350513,0.020338,0.282309,0.205788,0.025479,0.315147
19.219219,-0.344069,0.020751,0.285100,0.211809,0.025554,0.315600
19.269269,-0.336713,0.021148,0.287754,0.217305,0.025650,0.316177
19.319319,-0.328457,0.021526,0.290262,0.222263,0.025767,0.316878
19.369369,-0.319317,0.021885,0.292618,0.226671,0.025905,0.317706
19.419419,-0.309309,0.022223,0.294816,0.230518,0.026065,0.318660
19.469469,-0.298453,0.022538,0.296852,0.233795,0.026247,0.319738
19.519520,-0.286772,0.022830,0.298724,0.236492,0.026450,0.320936
19.569570,-0.274289,0.023098,0.300430,0.238604,0.026673,0.322251
19.619620,-0.261030,0.023341,0.301971,0.240125,0.026916,0.323675
19.669670,-0.247025,0.023560,0.303347,0.241051,0.027178,0.325201
19.719720,-0.232304,0.023754,0.304561,0.241380,0.027457,0.326822
19.769770,-0.216899,0.023923,0.305618,0.241111,0.027753,0.328527
19.819820,-0.200846,0.024068,0.306523,0.240246,0.028063,0.330307
19.869870,-0.184180,0.024191,0.307285,0.238786,0.028387,0.332151
19.919920,-0.166940,0.024292,0.307910,0.236735,0.028722,0.334047
19.969970,-0.149166,0.024373,0.308409,0.234098,0.029066,0.335984
20.020020,-0.130899,0.024435,0.308794,0.230925,0.029418,0.337950
20.070070,-0.112184,0.024481,0.309076,0.227596,0.029776,0.339935
20.120120,-0.093064,0.024513,0.309270,0.224206,0.030137,0.341930
20.170170,-0.073584,0.024532,0.309390,0.220762,0.030502,0.343928
20.220220,-0.053793,0.024543,0.309454,0.217274,0.030869,0.345923
20.270270,-0.033739,0.024547,0.309478,0.213751,0.031235,0.347906
20.320320,-0.013470,0.024547,0.309480,0.210201,0.031601,0.349873
20.370370,0.006963,0.024547,0.309480,0.206633,0.031966,0.351817
20.420420,0.027510,0.024550,0.309496,0.203057,0.032327,0.353734
20.470470,0.048120,0.024558,0.309548,0.199481,0.032684,0.355618
20.520521,0.068740,0.024576,0.309657,0.195914,0.033037,0.357464
20.570571,0.089319,0.024606,0.309842,0.192366,0.033383,0.359268
20.620621,0.109804,0.024652,0.310124,0.188846,0.033722,0.361027
20.670671,0.130143,0.024717,0.310520,0.185362,0.034054,0.362737
20.720721,0.150283,0.024803,0.311050,0.181923,0.034378,0.364394
20.770771,0.170173,0.024915,0.311730,0.178538,0.034692,0.365998
20.820821,0.189760,0.025053,0.312575,0.175216,0.034997,0.367545
20.870871,0.208994,0.025223,0.313601,0.171964,0.035292,0.369034
20.920921,0.227823,0.025424,0.314819,0.168791,0.035577,0.370464
20.970971,0.246199,0.025660,0.316239,0.165706,0.035850,0.371833
21.021021,0.264070,0.025933,0.317869,0.162715,0.036112,0.373139
21.071071,0.281390,0.026243,0.319714,0.159827,0.036363,0.374383
21.121121,0.298111,0.026592,0.321777,0.157048,0.036602,0.375563
21.171171,0.314188,0.026981,0.324058,0.154387,0.036828,0.376681
21.221221,0.329577,0.027411,0.326555,0.151848,0.037043,0.377735
21.271271,0.344234,0.027881,0.329263,0.149440,0.037246,0.378727
21.321321,0.358119,0.028391,0.332175,0.147167,0.037436,0.379656
21.371371,0.371191,0.028941,0.335281,0.145036,0.037614,0.380523
21.421421,0.383414,0.029529,0.338569,0.143053,0.037780,0.381327
21.471471,0.394751,0.030155,0.342025,0.141221,0.037933,0.382070
21.521522,0.405170,0.030815,0.345634,0.139546,0.038075,0.382752
21.571572,0.414638,0.031509,0.349380,0.138032,0.038204,0.383375
21.621622,0.423126,0.032234,0.353243,0.136683,0.038320,0.383937
21.671672,0.430609,0.032987,0.357206,0.135502,0.038425,0.384442
21.721722,0.437060,0.033765,0.361248,0.134492,0.038518,0.384887
21.771772,0.442459,0.034564,0.365348,0.133656,0.038599,0.385275
21.821822,0.446785,0.035382,0.369486,0.132995,0.038668,0.385605
21.871872,0.450022,0.036214,0.373642,0.132512,0.038725,0.385877
21.921922,0.452156,0.037055,0.377795,0.132208,0.038770,0.386092
21.971972,0.453176,0.037903,0.381926,0.132084,0.038803,0.386251
22.022022,0.453072,0.038754,0.386014,0.132092,0.038824,0.386352
22.072072,0.451840,0.039601,0.390041,0.131860,0.038834,0.386397
22.122122,0.449476,0.040442,0.393988,0.131307,0.038831,0.386385
22.172172,0.445980,0.041272,0.397839,0.130435,0.038817,0.386316
22.222222,0.441354,0.042088,0.401578,0.129246,0.038791,0.386191
22.272272,0.435606,0.042884,0.405190,0.127743,0.038753,0.386012
22.322322,0.428742,0.043657,0.408662,0.125930,0.038705,0.385782
22.372372,0.420775,0.044404,0.411982,0.123811,0.038647,0.385502
22.422422,0.411718,0.045121,0.415137,0.121392,0.038578,0.385176
22.472472,0.401590,0.045804,0.418120,0.118679,0.038501,0.384806
22.522523,0.390409,0.046452,0.420923,0.115677,0.038416,0.384397
22.572573,0.378198,0.047061,0.423538,0.112396,0.038324,0.383953
22.622623,0.364983,0.047630,0.425963,0.108843,0.038225,0.383479
22.672673,0.350792,0.048156,0.428193,0.105027,0.038121,0.382979
22.722723,0.335656,0.048639,0.430226,0.100957,0.038014,0.382459
22.772773,0.319608,0.049078,0.432064,0.096644,0.037903,0.381924
22.822823,0.302684,0.049473,0.433707,0.092099,0.037791,0.381379
22.872873,0.284921,0.049823,0.435159,0.087332,0.037677,0.380830
22.922923,0.266360,0.050130,0.436426,0.082356,0.037565,0.380283
22.972973,0.247044,0.050394,0.437514,0.077183,0.037454,0.379743
23.023023,0.227018,0.050618,0.438432,0.071826,0.037346,0.379216
23.073073,0.206329,0.050803,0.439189,0.066299,0.037242,0.378708
23.123123,0.185026,0.050951,0.439797,0.060615,0.037143,0.378224
23.173173,0.163158,0.051067,0.440269,0.054788,0.037050,0.377770
23.223223,0.140779,0.051153,0.440619,0.048834,0.036965,0.377350
23.273273,0.117942,0.051213,0.440864,0.042766,0.036887,0.376969
23.323323,0.094702,0.051252,0.441021,0.036601,0.036818,0.376631
23.373373,0.071116,0.051273,0.441108,0.030353,0.036759,0.376340
23.423423,0.047242,0.051282,0.441145,0.024038,0.036710,0.376099
23.473473,0.023138,0.051284,0.441152,0.017673,0.036672,0.375912
23.523524,-0.001135,0.051283,0.441149,0.011272,0.036646,0.375781
23.573574,-0.025517,0.051286,0.441160,0.004852,0.036631,0.375707
23.623624,-0.049948,0.051297,0.441205,-0.001571,0.036628,0.375692
23.673674,-0.074367,0.051322,0.441308,-0.007981,0.036637,0.375737
23.723724,-0.098711,0.051367,0.441490,-0.014361,0.036658,0.375840
23.773774,-0.122918,0.051436,0.441772,-0.020696,0.036691,0.376002
23.823824,-0.146926,0.051536,0.442176,-0.026970,0.036735,0.376222
23.873874,-0.170674,0.051670,0.442721,-0.033168,0.036791,0.376498
23.923924,-0.194102,0.051844,0.443426,-0.039273,0.036858,0.376828
23.973974,-0.217147,0.052063,0.444309,-0.045271,0.036936,0.377208
24.024024,-0.239751,0.052330,0.445385,-0.051146,0.037023,0.377636
24.074074,-0.261853,0.052650,0.446666,-0.056884,0.037119,0.378108
24.124124,-0.283395,0.053025,0.448165,-0.062470,0.037224,0.378619
24.174174,-0.304319,0.053458,0.449889,-0.067890,0.037335,0.379165
24.224224,-0.324571,0.053952,0.451845,-0.073130,0.037453,0.379740
24.274274,-0.344094,0.054508,0.454036,-0.078179,0.037577,0.380341
24.324324,-0.362838,0.055128,0.456462,-0.083022,0.037705,0.380962
24.374374,-0.380750,0.055813,0.459121,-0.087648,0.037836,0.381597
24.424424,-0.397780,0.056562,0.462009,-0.092044,0.037968,0.382240
24.474474,-0.413880,0.057375,0.465116,-0.096201,0.038102,0.382886
24.524525,-0.429007,0.058251,0.468433,-0.100107,0.038236,0.383529
24.574575,-0.443116,0.059187,0.471948,-0.103753,0.038367,0.384163
24.624625,-0.456166,0.060182,0.475646,-0.107129,0.038497,0.384784
24.674675,-0.468121,0.061232,0.479510,-0.110228,0.038622,0.385386
24.724725,-0.478943,0.062334,0.483522,-0.113040,0.038743,0.385964
24.774775,-0.488599,0.063484,0.487662,-0.115560,0.038858,0.386513
24.824825,-0.497060,0.064677,0.491909,-0.117781,0.038966,0.387030
24.874875,-0.504297,0.065907,0.496241,-0.119697,0.039067,0.387508
24.924925,-0.510287,0.067171,0.500636,-0.121304,0.039159,0.387946
24.974975,-0.515008,0.068461,0.505072,-0.122596,0.039242,0.388339
25.025025,-0.518441,0.069772,0.509526,-0.123572,0.039315,0.388685
25.075075,-0.520573,0.071097,0.513975,-0.124229,0.039377,0.388982
25.125125,-0.521390,0.072430,0.518398,-0.124565,0.039429,0.389228
25.175175,-0.520883,0.073764,0.522772,-0.124578,0.039470,0.389421
25.225225,-0.519049,0.075091,0.527078,-0.124270,0.039499,0.389559
25.275275,-0.515884,0.076406,0.531295,-0.123641,0.039517,0.389644
25.325325,-0.511390,0.077702,0.535405,-0.122692,0.039524,0.389675
25.375375,-0.505572,0.078972,0.539391,-0.121426,0.039519,0.389652
25.425425,-0.498438,0.080210,0.543236,-0.119846,0.039503,0.389577
25.475475,-0.489999,0.081409,0.546926,-0.117956,0.039477,0.389452
25.525526,-0.480271,0.082565,0.550448,-0.115761,0.039440,0.389278
25.575576,-0.469271,0.083672,0.553791,-0.113266,0.039394,0.389059
25.625626,-0.457022,0.084725,0.556944,-0.110477,0.039338,0.388798
25.675676,-0.443547,0.085720,0.559901,-0.107402,0.039275,0.388497
25.725726,-0.428876,0.086654,0.562654,-0.104048,0.039204,0.388161
25.775776,-0.413038,0.087522,0.565198,-0.100424,0.039127,0.387794
25.825826,-0.396069,0.088324,0.567531,-0.096538,0.039044,0.387400
25.875876,-0.378006,0.089057,0.569653,-0.092401,0.038957,0.386986
25.925926,-0.358890,0.089721,0.571563,-0.088022,0.038867,0.386556
25.975976,-0.338763,0.090315,0.573265,-0.083413,0.038775,0.386115
26.026026,-0.317671,0.090840,0.574763,-0.078586,0.038681,0.385668
26.076076,-0.295663,0.091297,0.576063,-0.073552,0.038588,0.385221
26.126126,-0.272791,0.091689,0.577173,-0.068325,0.038496,0.384780
26.176176,-0.249108,0.092018,0.578103,-0.062916,0.038407,0.384351
26.226226,-0.224669,0.092288,0.578864,-0.057341,0.038321,0.383939
26.276276,-0.199534,0.092503,0.579470,-0.051612,0.038240,0.383550
26.326326,-0.173761,0.092668,0.579935,-0.045744,0.038165,0.383188
26.376376,-0.147414,0.092789,0.580275,-0.039752,0.038097,0.382859
26.426426,-0.120556,0.092872,0.580507,-0.033652,0.038036,0.382568
26.476476,-0.093253,0.092924,0.580651,-0.027457,0.037985,0.382318
26.526527,-0.065570,0.092951,0.580727,-0.021184,0.037943,0.382114
26.576577,-0.037577,0.092961,0.580756,-0.014849,0.037911,0.381960
26.626627,-0.009342,0.092963,0.580761,-0.008466,0.037890,0.381858
26.676677,0.019065,0.092964,0.580763,-0.002053,0.037880,0.381812
26.726727,0.047572,0.092972,0.580787,0.004374,0.037882,0.381823
26.776777,0.076108,0.092996,0.580855,0.010800,0.037897,0.381892
26.826827,0.104601,0.093045,0.580990,0.017209,0.037923,0.382020
26.876877,0.132981,0.093126,0.581217,0.023583,0.037962,0.382208
26.926927,0.161174,0.093247,0.581557,0.029909,0.038013,0.382455
26.976977,0.189109,0.093417,0.582033,0.036169,0.038076,0.382760
27.027027,0.216714,0.093644,0.582665,0.042347,0.038151,0.383122
27.077077,0.243919,0.093933,0.583472,0.048430,0.038238,0.383540
27.127127,0.270652,0.094293,0.584472,0.054401,0.038335,0.384009
27.177177,0.296845,0.094728,0.585679,0.060245,0.038443,0.384527
27.227227,0.322431,0.095245,0.587107,0.065947,0.038561,0.385090
27.277277,0.347341,0.095849,0.588767,0.071495,0.038687,0.385694
27.327327,0.371511,0.096542,0.590667,0.076872,0.038821,0.386335
27.377377,0.394875,0.097329,0.592812,0.082067,0.038962,0.387008
27.427427,0.417373,0.098212,0.595203,0.087067,0.039109,0.387708
27.477477,0.438944,0.099192,0.597840,0.091858,0.039261,0.388429
27.527528,0.459530,0.100271,0.600721,0.096429,0.039416,0.389167
27.577578,0.479075,0.101446,0.603838,0.100768,0.039574,0.389914
27.627628,0.497527,0.102719,0.607182,0.104865,0.039734,0.390666
27.677678,0.514833,0.104085,0.610742,0.108709,0.039893,0.391417
27.727728,0.530947,0.105542,0.614502,0.112290,0.040052,0.392160
27.777778,0.545822,0.107087,0.618447,0.115601,0.040208,0.392892
27.827828,0.559416,0.108713,0.622558,0.118632,0.040360,0.393605
27.877878,0.571691,0.110416,0.626815,0.121376,0.040508,0.394296
27.927928,0.582610,0.112189,0.631197,0.123827,0.040651,0.394959
27.977978,0.592141,0.114025,0.635682,0.125977,0.040786,0.395588
28.028028,0.600254,0.115915,0.640246,0.127822,0.040914,0.396181
28.078078,0.606922,0.117852,0.644866,0.129357,0.041033,0.396731
28.128128,0.612125,0.119826,0.649516,0.130578,0.041142,0.397237
28.178178,0.615843,0.121828,0.654175,0.131483,0.041241,0.397695
28.228228,0.618061,0.123849,0.658818,0.132069,0.041330,0.398103
28.278278,0.618768,0.125878,0.663423,0.132334,0.041407,0.398457
28.328328,0.617956,0.127905,0.667968,0.132278,0.041472,0.398757
28.378378,0.615622,0.129920,0.672431,0.131902,0.041525,0.399000
28.428428,0.611766,0.131913,0.676793,0.131205,0.041565,0.399186
28.478478,0.606391,0.133874,0.681035,0.130190,0.041593,0.399315
28.528529,0.599506,0.135794,0.685140,0.128860,0.041609,0.399387
28.578579,0.591121,0.137663,0.689092,0.127217,0.041612,0.399403
28.628629,0.581254,0.139473,0.692878,0.125266,0.041604,0.399364
28.678679,0.569922,0.141214,0.696485,0.123012,0.041584,0.399273
28.728729,0.557149,0.142880,0.699902,0.120460,0.041553,0.399131
28.778779,0.542961,0.144464,0.703120,0.117617,0.041512,0.398940
28.828829,0.527389,0.145960,0.706132,0.114490,0.041460,0.398705
28.878879,0.510467,0.147363,0.708934,0.111086,0.041400,0.398429
28.928929,0.492232,0.148668,0.711521,0.107414,0.041332,0.398115
28.978979,0.472726,0.149872,0.713892,0.103484,0.041257,0.397769
29.029029,0.451992,0.150973,0.716045,0.099305,0.041176,0.397395
29.079079,0.430078,0.151970,0.717984,0.094888,0.041090,0.396999
29.129129,0.407034,0.152863,0.719711,0.090243,0.041001,0.396584
29.179179,0.382916,0.153653,0.721232,0.085382,0.040909,0.396157
29.229229,0.357777,0.154342,0.722553,0.080318,0.040815,0.395723
29.279279,0.331680,0.154934,0.723684,0.075063,0.040722,0.395288
29.329329,0.304685,0.155432,0.724633,0.069630,0.040629,0.394858
29.379379,0.276857,0.155843,0.725413,0.064033,0.040539,0.394438
29.429429,0.248263,0.156171,0.726036,0.058286,0.040452,0.394034
29.479479,0.218971,0.156426,0.726517,0.052402,0.040370,0.393652
29.529530,0.189054,0.156614,0.726872,0.046398,0.040294,0.393296
29.579580,0.158582,0.156744,0.727119,0.040288,0.040225,0.392972
29.629630,0.127633,0.156827,0.727276,0.034087,0.040163,0.392684
29.679680,0.096280,0.156872,0.727361,0.027810,0.040111,0.392437
29.729730,0.064603,0.156890,0.727395,0.021474,0.040068,0.392235
29.779780,0.032679,0.156893,0.727399,0.015094,0.040035,0.392082
29.829830,0.000587,0.156891,0.727396,0.008687,0.040013,0.391980
29.879880,-0.031593,0.156896,0.727406,0.002267,0.040003,0.391932
29.929930,-0.063779,0.156921,0.727453,-0.004148,0.040005,0.391941
29.979980,-0.095891,0.156976,0.727557,-0.010542,0.040019,0.392007
30.030030,-0.127847,0.157074,0.727741,-0.016814,0.040045,0.392131
30.080080,-0.159567,0.157225,0.728025,-0.022575,0.040084,0.392311
30.130130,-0.190970,0.157440,0.728430,-0.027768,0.040133,0.392543
30.180180,-0.221975,0.157730,0.728976,-0.032382,0.040192,0.392820
30.230230,-0.252503,0.158105,0.729679,-0.036403,0.040260,0.393137
30.280280,-0.282475,0.158573,0.730556,-0.039821,0.040335,0.393488
30.330330,-0.311813,0.159143,0.731619,-0.042629,0.040416,0.393864
30.380380,-0.340441,0.159822,0.732882,-0.044820,0.040501,0.394260
30.430430,-0.368284,0.160617,0.734354,-0.046386,0.040588,0.394669
30.480480,-0.395269,0.161532,0.736042,-0.047326,0.040678,0.395084
30.530531,-0.421325,0.162572,0.737950,-0.047636,0.040767,0.395498
30.580581,-0.446381,0.163740,0.740079,-0.047316,0.040854,0.395905
30.630631,-0.470372,0.165037,0.742428,-0.046366,0.040939,0.396297
30.680681,-0.493231,0.166464,0.744994,-0.044789,0.041019,0.396670
30.730731,-0.514897,0.168021,0.747769,-0.042588,0.041095,0.397018
30.780781,-0.535311,0.169704,0.750746,-0.039770,0.041163,0.397336
30.830831,-0.554416,0.171512,0.753911,-0.036340,0.041225,0.397620
30.880881,-0.572159,0.173439,0.757252,-0.032309,0.041278,0.397867
30.930931,-0.588489,0.175479,0.760753,-0.027685,0.041323,0.398074
30.980981,-0.603360,0.177626,0.764395,-0.022481,0.041359,0.398239
31.031031,-0.616727,0.179871,0.768160,-0.016710,0.041386,0.398362
31.081081,-0.628553,0.182205,0.772027,-0.010385,0.041403,0.398442
31.131131,-0.638799,0.184620,0.775977,-0.003522,0.041412,0.398481
31.181181,-0.647435,0.187102,0.779987,0.003860,0.041412,0.398481
31.231231,-0.654432,0.189642,0.784036,0.011744,0.041404,0.398444
31.281281,-0.659764,0.192226,0.788100,0.020109,0.041389,0.398375
31.331331,-0.663413,0.194842,0.792158,0.028936,0.041368,0.398278
31.381381,-0.665363,0.197477,0.796190,0.038201,0.041342,0.398159
31.431431,-0.665601,0.200117,0.800176,0.047882,0.041313,0.398025
31.481481,-0.664120,0.202749,0.804095,0.057954,0.041282,0.397884
31.531532,-0.660916,0.205360,0.807929,0.068393,0.041252,0.397744
31.581582,-0.655992,0.207935,0.811661,0.079171,0.041224,0.397615
31.631632,-0.649351,0.210462,0.815274,0.090263,0.041200,0.397506
31.681682,-0.641005,0.212929,0.818756,0.101639,0.041184,0.397429
31.731732,-0.630968,0.215323,0.822093,0.113272,0.041176,0.397394
31.781782,-0.619257,0.217634,0.825274,0.125132,0.041180,0.397413
31.831832,-0.605896,0.219849,0.828289,0.137191,0.041198,0.397497
31.881882,-0.590912,0.221961,0.831130,0.149417,0.041233,0.397658
31.931932,-0.574337,0.223960,0.833791,0.161780,0.041288,0.397909
31.981982,-0.556205,0.225839,0.836268,0.174249,0.041364,0.398261
32.032032,-0.536556,0.227593,0.838557,0.186696,0.041465,0.398725
32.082082,-0.515434,0.229216,0.840657,0.198722,0.041593,0.399312
32.132132,-0.492887,0.230704,0.842567,0.210260,0.041749,0.400030
32.182182,-0.468965,0.232056,0.844290,0.221282,0.041936,0.400886
32.232232,-0.443723,0.233272,0.845827,0.231761,0.042155,0.401885
32.282282,-0.417221,0.234351,0.847185,0.241670,0.042407,0.403030
32.332332,-0.389520,0.235297,0.848368,0.250984,0.042692,0.404324
32.382382,-0.360685,0.236113,0.849385,0.259680,0.043012,0.405766
32.432432,-0.330784,0.236804,0.850242,0.267736,0.043365,0.407356
32.482482,-0.299889,0.237377,0.850951,0.275133,0.043753,0.409090
32.532533,-0.268074,0.237840,0.851522,0.281852,0.044174,0.410964
32.582583,-0.235416,0.238203,0.851967,0.287876,0.044628,0.412972
32.632633,-0.201993,0.238475,0.852302,0.293190,0.045113,0.415105
32.682683,-0.167887,0.238668,0.852539,0.297781,0.045628,0.417354
32.732733,-0.133182,0.238795,0.852694,0.301638,0.046171,0.419709
32.782783,-0.097962,0.238868,0.852784,0.304751,0.046739,0.422158
32.832833,-0.062314,0.238902,0.852826,0.307112,0.047331,0.424691
32.882883,-0.026327,0.238912,0.852837,0.308716,0.047943,0.427292
32.932933,0.009911,0.238912,0.852838,0.309559,0.048574,0.429950
32.982983,0.046309,0.238919,0.852847,0.309639,0.049219,0.432650
33.033033,0.082776,0.238948,0.852882,0.308955,0.049876,0.435376
33.083083,0.119220,0.239014,0.852963,0.307511,0.050541,0.438116
33.133133,0.155550,0.239132,0.853108,0.305308,0.051211,0.440854
33.183183,0.191674,0.239319,0.853336,0.302354,0.051882,0.443577
33.233233,0.227502,0.239588,0.853664,0.298656,0.052551,0.446271
33.283283,0.262941,0.239955,0.854111,0.294223,0.053215,0.448923
33.333333,0.297901,0.240431,0.854690,0.289066,0.053870,0.451520
33.383383,0.332293,0.241029,0.855416,0.283199,0.054512,0.454049
33.433433,0.366028,0.241762,0.856301,0.276636,0.055138,0.456500
33.483483,0.399020,0.242638,0.857356,0.269395,0.055746,0.458861
33.533534,0.431184,0.243667,0.858588,0.261492,0.056332,0.461125
33.583584,0.462436,0.244857,0.860005,0.252949,0.056895,0.463282
33.633634,0.492695,0.246214,0.861610,0.243786,0.057430,0.465325
33.683684,0.521881,0.247742,0.863402,0.234027,0.057937,0.467248
33.733734,0.549918,0.249443,0.865382,0.223697,0.058413,0.469044
33.783784,0.576732,0.251320,0.867545,0.212821,0.058856,0.470711
33.833834,0.602252,0.253373,0.869885,0.201427,0.059266,0.472245
33.883884,0.626411,0.255598,0.872394,0.189543,0.059642,0.473645
33.933934,0.649143,0.257993,0.875060,0.177200,0.059983,0.474911
33.983984,0.670387,0.260551,0.877871,0.164427,0.060289,0.476044
34.034034,0.690084,0.263266,0.880811,0.151258,0.060561,0.477045
34.084084,0.708182,0.266129,0.883865,0.137725,0.060797,0.477916
34.134134,0.724630,0.269130,0.887016,0.123863,0.061001,0.478664
34.184184,0.739382,0.272259,0.890245,0.109706,0.061173,0.479293
34.234234,0.752397,0.275501,0.893533,0.095289,0.061314,0.479809
34.284284,0.763635,0.278843,0.896861,0.080649,0.061426,0.480221
34.334334,0.773065,0.282271,0.900209,0.065822,0.061513,0.480538
34.384384,0.780657,0.285767,0.903558,0.050846,0.061576,0.480768
34.434434,0.786386,0.289315,0.906889,0.035758,0.061618,0.480922
34.484484,0.790235,0.292899,0.910185,0.020596,0.061643,0.481011
34.534535,0.792187,0.296501,0.913429,0.005397,0.061653,0.481046
34.584585,0.792232,0.300103,0.916605,-0.009799,0.061651,0.481041
34.634635,0.790364,0.303687,0.919698,-0.024956,0.061642,0.481009
34.684685,0.786583,0.307234,0.922695,-0.040034,0.061630,0.480963
34.734735,0.780894,0.310728,0.925583,-0.054997,0.061617,0.480916
34.784785,0.773304,0.314152,0.928354,-0.069807,0.061607,0.480882
34.834835,0.763828,0.317489,0.930999,-0.084426,0.061605,0.480874
34.884885,0.752485,0.320724,0.933510,-0.098818,0.061614,0.480906
34.934935,0.739297,0.323843,0.935882,-0.112948,0.061637,0.480991
34.984985,0.724292,0.326831,0.938109,-0.126779,0.061679,0.481142
35.035035,0.707503,0.329676,0.940191,-0.140277,0.061742,0.481371
35.085085,0.688968,0.332369,0.942125,-0.153409,0.061829,0.481688
35.135135,0.668727,0.334900,0.943911,-0.166141,0.061943,0.482104
35.185185,0.646827,0.337262,0.945550,-0.178441,0.062087,0.482627
35.235235,0.623317,0.339448,0.947044,-0.190278,0.062264,0.483267
35.285285,0.598254,0.341454,0.948395,-0.201624,0.062474,0.484029
35.335335,0.571694,0.343279,0.949607,-0.212449,0.062721,0.484920
35.385385,0.543700,0.344921,0.950685,-0.222726,0.063005,0.485943
35.435435,0.514339,0.346383,0.951634,-0.232430,0.063327,0.487100
35.485485,0.483680,0.347667,0.952459,-0.241536,0.063688,0.488392
35.535536,0.451797,0.348779,0.953168,-0.250020,0.064088,0.489818
35.585586,0.418765,0.349726,0.953767,-0.257862,0.064526,0.491376
35.635636,0.384666,0.350515,0.954262,-0.265043,0.065003,0.493063
35.685686,0.349580,0.351158,0.954664,-0.271543,0.065517,0.494872
35.735736,0.313594,0.351666,0.954980,-0.277348,0.066067,0.496799
35.785786,0.276794,0.352053,0.955221,-0.282440,0.066651,0.498833
35.835836,0.239272,0.352332,0.955393,-0.286809,0.067267,0.500968
35.885886,0.201118,0.352519,0.955509,-0.290443,0.067913,0.503191
35.935936,0.162429,0.352632,0.955578,-0.293332,0.068585,0.505493
35.985986,0.123297,0.352686,0.955612,-0.295469,0.069281,0.507863
36.036036,0.083821,0.352702,0.955621,-0.296849,0.069998,0.510287
36.086086,0.044099,0.352696,0.955618,-0.297468,0.070732,0.512754
36.136136,0.004229,0.352689,0.955614,-0.297324,0.071480,0.515249
36.186186,-0.035688,0.352699,0.955620,-0.296418,0.072237,0.517760
36.236236,-0.075552,0.352745,0.955648,-0.294751,0.073000,0.520273
36.286286,-0.115262,0.352845,0.955710,-0.292328,0.073765,0.522775
36.336336,-0.154720,0.353019,0.955817,-0.289154,0.074527,0.525253
36.386386,-0.193825,0.353283,0.955979,-0.285237,0.075284,0.527696
36.436436,-0.232476,0.353655,0.956207,-0.280588,0.076030,0.530091
36.486486,-0.270576,0.354150,0.956509,-0.275216,0.076762,0.532426
36.536537,-0.308026,0.354782,0.956894,-0.269136,0.077476,0.534691
36.586587,-0.344732,0.355565,0.957368,-0.262362,0.078169,0.536875
36.636637,-0.380597,0.356512,0.957937,-0.254912,0.078838,0.538970
36.686687,-0.415529,0.357632,0.958606,-0.246803,0.079478,0.540968
36.736737,-0.449438,0.358934,0.959375,-0.238057,0.080089,0.542861
36.786787,-0.482233,0.360424,0.960247,-0.228694,0.080666,0.544643
36.836837,-0.513829,0.362108,0.961219,-0.218738,0.081208,0.546309
36.886887,-0.544142,0.363989,0.962290,-0.208215,0.081714,0.547855
36.936937,-0.573093,0.366067,0.963456,-0.197149,0.082180,0.549278
36.986987,-0.600603,0.368342,0.964710,-0.185569,0.082608,0.550577
37.037037,-0.626599,0.370811,0.966044,-0.173503,0.082995,0.551750
37.087087,-0.651009,0.373469,0.967450,-0.160982,0.083343,0.552799
37.137137,-0.673767,0.376308,0.968917,-0.148037,0.083651,0.553726
37.187187,-0.694810,0.379321,0.970436,-0.134701,0.083919,0.554532
37.237237,-0.714079,0.382497,0.971993,-0.121006,0.084149,0.555221
37.287287,-0.731521,0.385823,0.973578,-0.106986,0.084342,0.555800
37.337337,-0.747083,0.389287,0.975177,-0.092678,0.084501,0.556274
37.387387,-0.760721,0.392871,0.976777,-0.078117,0.084627,0.556651
37.437437,-0.772394,0.396560,0.978366,-0.063338,0.084723,0.556939
37.487487,-0.782065,0.400336,0.979932,-0.048380,0.084793,0.557145
37.537538,-0.789704,0.404182,0.981465,-0.033280,0.084838,0.557281
37.587588,-0.795284,0.408076,0.982954,-0.018074,0.084864,0.557357
37.637638,-0.798784,0.412000,0.984390,-0.002803,0.084873,0.557384
37.687688,-0.800188,0.415933,0.985764,0.012497,0.084869,0.557374
37.737738,-0.799485,0.419854,0.987069,0.027787,0.084858,0.557339
37.787788,-0.796670,0.423743,0.988301,0.043029,0.084842,0.557293
37.837838,-0.791742,0.427581,0.989455,0.058184,0.084827,0.557248
37.887888,-0.784707,0.431348,0.990528,0.073214,0.084816,0.557216
37.937938,-0.775576,0.435023,0.991520,0.088083,0.084815,0.557211
37.987988,-0.764363,0.438591,0.992429,0.102752,0.084826,0.557246
38.038038,-0.751090,0.442033,0.993256,0.117185,0.084856,0.557333
38.088088,-0.735784,0.445334,0.994005,0.131346,0.084907,0.557485
38.138138,-0.718477,0.448481,0.994677,0.145199,0.084983,0.557713
38.188188,-0.699204,0.451460,0.995276,0.158710,0.085089,0.558027
38.238238,-0.678008,0.454261,0.995806,0.171844,0.085227,0.558438
38.288288,-0.654936,0.456874,0.996273,0.184569,0.085401,0.558953
38.338338,-0.630040,0.459292,0.996679,0.196854,0.085613,0.559582
38.388388,-0.603376,0.461512,0.997032,0.208667,0.085866,0.560331
38.438438,-0.575006,0.463529,0.997336,0.219979,0.086162,0.561204
38.488488,-0.544996,0.465344,0.997594,0.230762,0.086502,0.562207
38.538539,-0.513415,0.466957,0.997813,0.240988,0.086888,0.563341
38.588589,-0.480338,0.468372,0.997997,0.250633,0.087320,0.564607
38.638639,-0.445843,0.469595,0.998148,0.259671,0.087799,0.566005
38.688689,-0.410013,0.470634,0.998273,0.268081,0.088325,0.567533
38.738739,-0.372934,0.471498,0.998373,0.275842,0.088896,0.569187
38.788789,-0.334695,0.472199,0.998452,0.282935,0.089513,0.570964
38.838839,-0.295388,0.472751,0.998513,0.289341,0.090172,0.572857
38.888889,-0.255110,0.473167,0.998558,0.295046,0.090874,0.574858
38.938939,-0.213958,0.473467,0.998590,0.300034,0.091614,0.576959
38.988989,-0.172032,0.473666,0.998611,0.304293,0.092390,0.579150
39.039039,-0.129437,0.473786,0.998624,0.307813,0.093199,0.581422
39.089089,-0.086278,0.473845,0.998630,0.310586,0.094038,0.583764
39.139139,-0.042660,0.473864,0.998632,0.312605,0.094904,0.586164
39.189189,0.001306,0.473865,0.998632,0.313865,0.095791,0.588609
39.239239,0.045514,0.473871,0.998632,0.314362,0.096696,0.591087
39.289289,0.089851,0.473903,0.998636,0.314097,0.097615,0.593585
39.339339,0.134207,0.473984,0.998645,0.313069,0.098541,0.596090
39.389389,0.178471,0.474135,0.998660,0.311281,0.099473,0.598590
39.439439,0.222530,0.474377,0.998685,0.308740,0.100403,0.601073
39.489489,0.266274,0.474730,0.998721,0.305450,0.101329,0.603526
39.539540,0.309593,0.475215,0.998769,0.301420,0.102244,0.605938
39.589590,0.352376,0.475851,0.998832,0.296661,0.103145,0.608296
39.639640,0.394515,0.476653,0.998908,0.291185,0.104027,0.610591
39.689690,0.435901,0.477638,0.998999,0.285006,0.104886,0.612812
39.739740,0.476430,0.478819,0.999101,0.278139,0.105717,0.614951
39.789790,0.515997,0.480209,0.999215,0.270602,0.106518,0.616999
39.839840,0.554500,0.481818,0.999337,0.262414,0.107285,0.618949
39.889890,0.591842,0.483655,0.999464,0.253596,0.108014,0.620795
39.939940,0.627924,0.485724,0.999591,0.244169,0.108703,0.622531
39.989990,0.662653,0.488030,0.999713,0.234159,0.109349,0.624153
40.040040,0.695938,0.490573,0.999821,0.223752,0.109952,0.625658
40.090090,0.727693,0.493354,0.999910,0.213303,0.110509,0.627046
40.140140,0.757835,0.496368,0.999972,0.202849,0.111022,0.628319
40.190190,0.786285,0.499611,0.999998,0.192415,0.111491,0.629478
40.240240,0.812966,0.503075,0.999980,0.182028,0.111917,0.630528
40.290290,0.837807,0.506749,0.999908,0.171715,0.112300,0.631471
40.340340,0.860742,0.510621,0.999773,0.161500,0.112643,0.632312
40.390390,0.881710,0.514677,0.999568,0.151410,0.112947,0.633055
40.440440,0.900653,0.518901,0.999284,0.141470,0.113214,0.633707
40.490490,0.917519,0.523277,0.998914,0.131705,0.113445,0.634271
40.540541,0.932261,0.527784,0.998454,0.122139,0.113643,0.634754
40.590591,0.944838,0.532402,0.997897,0.112797,0.113811,0.635162
40.640641,0.955212,0.537108,0.997241,0.103702,0.113950,0.635500
40.690691,0.963353,0.541881,0.996485,0.094877,0.114063,0.635776
40.740741,0.969236,0.546696,0.995628,0.086343,0.114154,0.635995
40.790791,0.972842,0.551532,0.994673,0.078122,0.114224,0.636165
40.840841,0.974155,0.556363,0.993624,0.070236,0.114276,0.636291
40.890891,0.973168,0.561165,0.992488,0.062703,0.114312,0.636378
40.940941,0.969877,0.565915,0.991271,0.055542,0.114335,0.636434
40.990991,0.964287,0.570589,0.989983,0.048772,0.114347,0.636463
41.041041,0.956406,0.575164,0.988634,0.042410,0.114350,0.636471
41.091091,0.946249,0.579621,0.987238,0.036470,0.114347,0.636463
41.141141,0.933836,0.583937,0.985807,0.030969,0.114339,0.636444
41.191191,0.919193,0.588095,0.984355,0.025920,0.114328,0.636417
41.241241,0.902353,0.592075,0.982896,0.021335,0.114315,0.636385
41.291291,0.883352,0.595864,0.981446,0.017227,0.114301,0.636352
41.341341,0.862234,0.599448,0.980018,0.013605,0.114287,0.636319
41.391391,0.839046,0.602814,0.978628,0.010478,0.114275,0.636290
41.441441,0.813842,0.605955,0.977287,0.007855,0.114265,0.636264
41.491491,0.786681,0.608861,0.976009,0.005741,0.114256,0.636243
41.541542,0.757626,0.611529,0.974803,0.004143,0.114249,0.636226
41.591592,0.726746,0.613955,0.973680,0.003063,0.114243,0.636212
41.641642,0.694115,0.616141,0.972646,0.002506,0.114238,0.636200
41.691692,0.659809,0.618087,0.971708,0.002472,0.114234,0.636189
41.741742,0.623912,0.619800,0.970869,0.002961,0.114228,0.636176
41.791792,0.586509,0.621285,0.970132,0.003972,0.114221,0.636158
41.841842,0.547691,0.622552,0.969495,0.005503,0.114211,0.636133
41.891892,0.507552,0.623612,0.968956,0.007550,0.114195,0.636096
41.941942,0.466189,0.624478,0.968512,0.010107,0.114174,0.636044
41.991992,0.423703,0.625165,0.968157,0.013168,0.114144,0.635972
42.042042,0.380198,0.625692,0.967885,0.016554,0.114105,0.635877
42.092092,0.335781,0.626075,0.967686,0.019934,0.114056,0.635757
42.142142,0.290562,0.626334,0.967551,0.023293,0.113995,0.635610
42.192192,0.244651,0.626491,0.967468,0.026622,0.113924,0.635436
42.242242,0.198161,0.626566,0.967429,0.029913,0.113841,0.635235
42.292292,0.151209,0.626583,0.967420,0.033157,0.113747,0.635006
42.342342,0.103910,0.626565,0.967430,0.036347,0.113641,0.634748
42.392392,0.056384,0.626534,0.967446,0.039475,0.113524,0.634463
42.442442,0.008748,0.626514,0.967456,0.042531,0.113396,0.634152
42.492492,-0.038878,0.626528,0.967448,0.045510,0.113258,0.633815
42.542543,-0.086375,0.626599,0.967411,0.048404,0.113110,0.633453
42.592593,-0.133622,0.626748,0.967333,0.051204,0.112952,0.633068
42.642643,-0.180502,0.626996,0.967203,0.053904,0.112786,0.632661
42.692693,-0.226893,0.627364,0.967010,0.056498,0.112611,0.632233
42.742743,-0.272680,0.627869,0.966743,0.058978,0.112429,0.631787
42.792793,-0.317745,0.628529,0.966393,0.061339,0.112241,0.631325
42.842843,-0.361972,0.629359,0.965949,0.063574,0.112048,0.630850
42.892893,-0.405250,0.630374,0.965404,0.065678,0.111851,0.630364
42.942943,-0.447466,0.631584,0.964747,0.067646,0.111650,0.629870
42.992993,-0.488511,0.633000,0.963970,0.069472,0.111448,0.629371
43.043043,-0.528278,0.634627,0.963066,0.071152,0.111244,0.628868
43.093093,-0.566664,0.636473,0.962026,0.072682,0.111041,0.628365
43.143143,-0.603569,0.638539,0.960844,0.074057,0.110839,0.627864
43.193193,-0.638896,0.640826,0.959513,0.075275,0.110640,0.627370
43.243243,-0.672551,0.643333,0.958027,0.076332,0.110444,0.626885
43.293293,-0.704444,0.646055,0.956381,0.077226,0.110254,0.626411
43.343343,-0.734491,0.648986,0.954571,0.077953,0.110069,0.625952
43.393393,-0.762611,0.652117,0.952594,0.078513,0.109892,0.625508
43.443443,-0.788727,0.655437,0.950447,0.078904,0.109722,0.625084
43.493493,-0.812768,0.658935,0.948130,0.079125,0.109560,0.624681
43.543544,-0.834667,0.662595,0.945645,0.079175,0.109409,0.624302
43.593594,-0.854363,0.666401,0.942993,0.079054,0.109268,0.623948
43.643644,-0.871799,0.670335,0.940180,0.078763,0.109137,0.623622
43.693694,-0.886925,0.674377,0.937210,0.078301,0.109018,0.623324
43.743744,-0.899698,0.678508,0.934094,0.077671,0.108911,0.623055
43.793794,-0.910077,0.682707,0.930841,0.076874,0.108816,0.622816
43.843844,-0.918029,0.686951,0.927464,0.075911,0.108734,0.622608
43.893894,-0.923527,0.691217,0.923979,0.074785,0.108663,0.622432
43.943944,-0.926549,0.695484,0.920400,0.073499,0.108606,0.622287
43.993994,-0.927082,0.699727,0.916748,0.072057,0.108561,0.622173
44.044044,-0.925117,0.703926,0.913043,0.070461,0.108528,0.622090
44.094094,-0.920650,0.708058,0.909307,0.068716,0.108506,0.622036
44.144144,-0.913687,0.712102,0.905562,0.066826,0.108496,0.622010
44.194194,-0.904236,0.716037,0.901834,0.064796,0.108496,0.622011
44.244244,-0.892315,0.719844,0.898146,0.062630,0.108507,0.622037
44.294294,-0.877947,0.723506,0.894523,0.060335,0.108527,0.622087
44.344344,-0.861160,0.727006,0.890990,0.057916,0.108555,0.622159
44.394394,-0.841991,0.730331,0.887571,0.055379,0.108591,0.622250
44.444444,-0.820479,0.733467,0.884288,0.052731,0.108634,0.622358
44.494494,-0.796673,0.736403,0.881161,0.049978,0.108682,0.622479
44.544545,-0.770626,0.739132,0.878210,0.047127,0.108735,0.622612
44.594595,-0.742397,0.741648,0.875451,0.044185,0.108791,0.622754
44.644645,-0.712051,0.743947,0.872898,0.041159,0.108850,0.622902
44.694695,-0.679658,0.746025,0.870562,0.038058,0.108911,0.623053
44.744745,-0.645295,0.747885,0.868448,0.034889,0.108971,0.623205
44.794795,-0.609041,0.749529,0.866562,0.031659,0.109031,0.623354
44.844845,-0.570984,0.750963,0.864904,0.028378,0.109088,0.623498
44.894895,-0.531213,0.752194,0.863471,0.025053,0.109142,0.623634
44.944945,-0.489825,0.753232,0.862256,0.021693,0.109193,0.623760
44.994995,-0.446919,0.754087,0.861248,0.018305,0.109238,0.623873
45.045045,-0.402598,0.754774,0.860436,0.014899,0.109277,0.623972
45.095095,-0.356970,0.755308,0.859802,0.011483,0.109310,0.624054
45.145145,-0.310147,0.755706,0.859330,0.008066,0.109335,0.624117
45.195195,-0.262243,0.755985,0.858997,0.004656,0.109352,0.624159
45.245245,-0.213376,0.756166,0.858782,0.001262,0.109360,0.624179
45.295295,-0.163665,0.756268,0.858660,-0.002108,0.109358,0.624175
45.345345,-0.113235,0.756313,0.858606,-0.005446,0.109347,0.624148
45.395395,-0.062208,0.756322,0.858594,-0.008742,0.109327,0.624096
45.445445,-0.010713,0.756319,0.858598,-0.011989,0.109296,0.624019
45.495495,0.041123,0.756325,0.858591,-0.015179,0.109255,0.623916
45.545546,0.093170,0.756363,0.858547,-0.018304,0.109204,0.623788
45.595596,0.145299,0.756453,0.858438,-0.021355,0.109142,0.623635
45.645646,0.197378,0.756618,0.858240,-0.024325,0.109071,0.623456
45.695696,0.249277,0.756879,0.857928,-0.027207,0.108991,0.623255
45.745746,0.300865,0.757255,0.857478,-0.029994,0.108902,0.623031
45.795796,0.352013,0.757764,0.856866,-0.032678,0.108804,0.622786
45.845846,0.402590,0.758424,0.856071,-0.035253,0.108699,0.622521
45.895896,0.452468,0.759249,0.855072,-0.037713,0.108586,0.622238
45.945946,0.501521,0.760254,0.853850,-0.040051,0.108468,0.621939
45.995996,0.549625,0.761451,0.852385,-0.042262,0.108343,0.621625
46.046046,0.596656,0.762851,0.850663,-0.044339,0.108214,0.621300
46.096096,0.642494,0.764460,0.848665,-0.046279,0.108081,0.620965
46.146146,0.687021,0.766285,0.846379,-0.048075,0.107946,0.620623
46.196196,0.730123,0.768329,0.843792,-0.049724,0.107809,0.620277
46.246246,0.771689,0.770594,0.840894,-0.051222,0.107671,0.619928
46.296296,0.811612,0.773080,0.837674,-0.052564,0.107533,0.619579
46.346346,0.849789,0.775783,0.834125,-0.053748,0.107397,0.619232
46.396396,0.886119,0.778696,0.830243,-0.054770,0.107262,0.618891
46.446446,0.920507,0.781814,0.826022,-0.055628,0.107131,0.618558
46.496496,0.952865,0.785125,0.821463,-0.056320,0.107004,0.618234
46.546547,0.983107,0.788620,0.816566,-0.056844,0.106881,0.617923
46.596597,1.011152,0.792284,0.811336,-0.057199,0.106765,0.617626
46.646647,1.036927,0.796103,0.805779,-0.057384,0.106654,0.617345
46.696697,1.060361,0.800058,0.799906,-0.057399,0.106551,0.617081
46.746747,1.081391,0.804132,0.793727,-0.057243,0.106455,0.616836
46.796797,1.099961,0.808305,0.787259,-0.056917,0.106367,0.616612
46.846847,1.116019,0.812558,0.780522,-0.056422,0.106288,0.616410
46.896897,1.129519,0.816869,0.773539,-0.055759,0.106217,0.616230
46.946947,1.140424,0.821216,0.766334,-0.054930,0.106156,0.616072
46.996997,1.148700,0.825577,0.758938,-0.053936,0.106103,0.615938
47.047047,1.154321,0.829929,0.751382,-0.052781,0.106060,0.615826
47.097097,1.157269,0.834250,0.743702,-0.051467,0.106025,0.615737
47.147147,1.157531,0.838519,0.735936,-0.049998,0.105999,0.615671
47.197197,1.155101,0.842716,0.728127,-0.048377,0.105981,0.615626
47.247247,1.149980,0.846818,0.720315,-0.046608,0.105972,0.615602
47.297297,1.142176,0.850807,0.712547,-0.044696,0.105970,0.615597
47.347347,1.131702,0.854664,0.704868,-0.042646,0.105975,0.615610
47.397397,1.118581,0.858372,0.697323,-0.040462,0.105986,0.615638
47.447447,1.102839,0.861918,0.689960,-0.038150,0.106002,0.615680
47.497497,1.084511,0.865286,0.682823,-0.035716,0.106023,0.615734
47.547548,1.063638,0.868466,0.675955,-0.033166,0.106049,0.615798
47.597598,1.040267,0.871446,0.669398,-0.030507,0.106077,0.615870
47.647648,1.014452,0.874220,0.663189,-0.027745,0.106107,0.615946
47.697698,0.986253,0.876782,0.657362,-0.024886,0.106137,0.616025
47.747748,0.955735,0.879127,0.651944,-0.021939,0.106168,0.616104
47.797798,0.922971,0.881256,0.646960,-0.018910,0.106197,0.616179
47.847848,0.888037,0.883169,0.642426,-0.015807,0.106225,0.616249
47.897898,0.851018,0.884866,0.638353,-0.012638,0.106249,0.616312
47.947948,0.812002,0.886355,0.634746,-0.009411,0.106270,0.616364
47.997998,0.771082,0.887640,0.631602,-0.006133,0.106285,0.616403
48.048048,0.728357,0.888732,0.628911,-0.002814,0.106294,0.616427
48.098098,0.683930,0.889641,0.626658,0.000540,0.106297,0.616433
48.148148,0.637910,0.890379,0.624821,0.003918,0.106292,0.616419
48.198198,0.590408,0.890957,0.623371,0.007313,0.106278,0.616384
48.248248,0.541541,0.891392,0.622277,0.010717,0.106255,0.616327
48.298298,0.491428,0.891700,0.621502,0.014120,0.106223,0.616245
48.348348,0.440192,0.891897,0.621005,0.017515,0.106181,0.616138
48.398398,0.387959,0.892001,0.620742,0.020892,0.106129,0.616004
48.448448,0.334857,0.892031,0.620668,0.024243,0.106066,0.615842
48.498498,0.281020,0.892004,0.620735,0.027561,0.105991,0.615651
48.548549,0.226579,0.891940,0.620897,0.030836,0.105906,0.615433
48.598599,0.171671,0.891857,0.621105,0.034060,0.105810,0.615187
48.648649,0.116431,0.891774,0.621314,0.037225,0.105703,0.614913
48.698699,0.060997,0.891709,0.621477,0.040324,0.105586,0.614612
48.748749,0.005509,0.891681,0.621550,0.043348,0.105458,0.614285
48.798799,-0.049894,0.891704,0.621490,0.046290,0.105321,0.613932
48.848849,-0.105074,0.891796,0.621258,0.049142,0.105174,0.613554
48.898899,-0.159890,0.891971,0.620815,0.051898,0.105019,0.613154
48.948949,-0.214206,0.892243,0.620127,0.054550,0.104856,0.612734
48.998999,-0.267883,0.892625,0.619162,0.057091,0.104686,0.612296
49.049049,-0.320785,0.893126,0.617889,0.059516,0.104510,0.611842
49.099099,-0.372777,0.893755,0.616283,0.061818,0.104329,0.611373
49.149149,-0.423727,0.894521,0.614320,0.063991,0.104144,0.610893
49.199199,-0.473504,0.895430,0.611979,0.066030,0.103955,0.610403
49.249249,-0.521981,0.896485,0.609243,0.067930,0.103764,0.609908
49.299299,-0.569032,0.897688,0.606099,0.069686,0.103573,0.609410
49.349349,-0.614536,0.899040,0.602533,0.071293,0.103382,0.608912
49.399399,-0.658375,0.900540,0.598539,0.072747,0.103192,0.608416
49.449449,-0.700435,0.902184,0.594111,0.074045,0.103004,0.607927
49.499499,-0.740606,0.903969,0.589248,0.075183,0.102820,0.607445
49.549550,-0.778783,0.905887,0.583952,0.076159,0.102640,0.606975
49.599600,-0.814865,0.907931,0.578227,0.076970,0.102466,0.606519
49.649650,-0.848755,0.910091,0.572082,0.077613,0.102299,0.606080
49.699700,-0.880364,0.912357,0.565529,0.078088,0.102139,0.605660
49.749750,-0.909607,0.914717,0.558582,0.078393,0.101987,0.605262
49.799800,-0.936405,0.917159,0.551262,0.078527,0.101845,0.604887
49.849850,-0.960685,0.919668,0.543591,0.078490,0.101713,0.604538
49.899900,-0.982378,0.922230,0.535596,0.078282,0.101591,0.604217
49.949950,-1.001424,0.924830,0.527307,0.077903,0.101480,0.603924
50.000000,-1.017770,0.927453,0.518758,0.077355,0.101380,0.603661
